0
-0.000142289166
-0.000385362563
-0.000779817943
-0.00138913604
-0.00227985052
-0.00350897112
-0.00511009112
-0.00707991633
-0.00936706752
-1.19E-02
-0.0144098168
-0.0167858656
-0.0187361118
-0.01998011
-0.0202364217
-0.0192483075
-0.0168102855
-0.0127929729
-0.00716361961
3.38E-18
0.00850415492
0.0180432788
0.0282138718
0.0385374857
0.0484912019
0.0575432531
0.065190877
0.0709972029
0.0746239847
0.0758573065
0.0746239847
0.0709972029
0.065190877
0.0575432531
0.0484912019
0.0385374857
0.0282138718
0.0180432788
0.00850415492
3.38E-18
-0.00716361961
-0.0127929729
-0.0168102855
-0.0192483075
-0.0202364217
-0.01998011
-0.0187361118
-0.0167858656
-0.0144098168
-1.19E-02
-0.00936706752
-0.00707991633
-0.00511009112
-0.00350897112
-0.00227985052
-0.00138913604
-0.000779817943
-0.000385362563
-0.000142289166
0