0.004870 
0.004590 
0.004009 
0.003109 
0.001888 
0.000363 
-0.001432 
-0.003445 
-0.005606 
-0.007832 
-0.010027 
-0.012089 
-0.013910 
-0.015391 
-0.016435 
-0.016961 
-0.016908 
-0.016234 
-0.014924 
-0.012993 
-0.010481 
-0.007457 
-0.004016 
-0.000275 
0.003632 
0.007560 
0.011358 
0.014876 
0.017974 
0.020527 
0.022429 
0.023603 
0.024000 
0.023603 
0.022429 
0.020527 
0.017974 
0.014876 
0.011358 
0.007560 
0.003632 
-0.000275 
-0.004016 
-0.007457 
-0.010481 
-0.012993 
-0.014924 
-0.016234 
-0.016908 
-0.016961 
-0.016435 
-0.015391 
-0.013910 
-0.012089 
-0.010027 
-0.007832 
-0.005606 
-0.003445 
-0.001432 
0.000363 
0.001888 
0.003109 
0.004009 
0.004590 
0.004870