-0.001149 
0.000427 
0.002312 
0.004386 
0.006493 
0.008450 
0.010064 
0.011147 
0.011536 
0.011109 
0.009799 
0.007611 
0.004623 
0.000986 
-0.003081 
-0.007305 
-0.011379 
-0.014987 
-0.017825 
-0.019633 
-0.020213 
-0.019453 
-0.017340 
-0.013962 
-0.009509 
-0.004256 
0.001447 
0.007212 
0.012632 
0.017320 
0.020938 
0.023220 
0.024000 
0.023220 
0.020938 
0.017320 
0.012632 
0.007212 
0.001447 
-0.004256 
-0.009509 
-0.013962 
-0.017340 
-0.019453 
-0.020213 
-0.019633 
-0.017825 
-0.014987 
-0.011379 
-0.007305 
-0.003081 
0.000986 
0.004623 
0.007611 
0.009799 
0.011109 
0.011536 
0.011147 
0.010064 
0.008450 
0.006493 
0.004386 
0.002312 
0.000427 
-0.001149