-0.006116 
-0.006794 
-0.007422 
-0.007977 
-0.008436 
-0.008776 
-0.008977 
-0.009019 
-0.008885 
-0.008561 
-0.008037 
-0.007308 
-0.006370 
-0.005228 
-0.003888 
-0.002364 
-0.000673 
0.001163 
0.003118 
0.005162 
0.007261 
0.009381 
0.011485 
0.013534 
0.015491 
0.017319 
0.018983 
0.020451 
0.021694 
0.022687 
0.023412 
0.023852 
0.024000 
0.023852 
0.023412 
0.022687 
0.021694 
0.020451 
0.018983 
0.017319 
0.015491 
0.013534 
0.011485 
0.009381 
0.007261 
0.005162 
0.003118 
0.001163 
-0.000673 
-0.002364 
-0.003888 
-0.005228 
-0.006370 
-0.007308 
-0.008037 
-0.008561 
-0.008885 
-0.009019 
-0.008977 
-0.008776 
-0.008436 
-0.007977 
-0.007422 
-0.006794 
-0.006116