-0.003155 
-0.005182 
-0.006956 
-0.008175 
-0.008569 
-0.007941 
-0.006213 
-0.003445 
0.000150 
0.004219 
0.008306 
0.011897 
0.014491 
0.015663 
0.015128 
0.012797 
0.008796 
0.003471 
-0.002642 
-0.008873 
-0.014496 
-0.018818 
-0.021265 
-0.021463 
-0.019293 
-0.014914 
-0.008754 
-0.001465 
0.006149 
0.013231 
0.018971 
0.022705 
0.024000 
0.022705 
0.018971 
0.013231 
0.006149 
-0.001465 
-0.008754 
-0.014914 
-0.019293 
-0.021463 
-0.021265 
-0.018818 
-0.014496 
-0.008873 
-0.002642 
0.003471 
0.008796 
0.012797 
0.015128 
0.015663 
0.014491 
0.011897 
0.008306 
0.004219 
0.000150 
-0.003445 
-0.006213 
-0.007941 
-0.008569 
-0.008175 
-0.006956 
-0.005182 
-0.003155